epochs steps out_loss offset_loss train_accuracy time
0 0 2.338 0.000 0.070 1.453
0 1 2.173 0.000 0.134 1.907
0 2 2.125 0.000 0.184 2.337
0 3 2.024 0.000 0.226 2.762
0 4 2.059 0.000 0.258 3.147
0 5 1.798 0.000 0.435 3.547
0 6 1.863 0.000 0.408 4.002
0 7 1.722 0.000 0.434 4.473
0 8 1.817 0.000 0.387 4.821
0 9 1.693 0.000 0.477 5.190
0 10 1.743 0.000 0.454 5.618
0 11 1.623 0.000 0.501 6.036
0 12 1.570 0.000 0.531 6.461
0 13 1.447 0.000 0.570 6.920
0 14 1.673 0.000 0.442 7.372
0 15 1.456 0.000 0.467 7.791
0 16 1.433 0.000 0.520 8.214
0 17 1.333 0.000 0.582 8.646
0 18 1.280 0.000 0.584 9.054
0 19 1.291 0.000 0.493 9.490
0 20 1.348 0.000 0.525 9.928
0 21 1.300 0.000 0.577 10.322
0 22 1.176 0.000 0.595 10.750
0 23 1.219 0.000 0.604 11.154
0 24 1.247 0.000 0.580 11.586
0 25 1.239 0.000 0.576 11.983
0 26 0.960 0.000 0.661 12.383
0 27 0.889 0.000 0.694 12.796
0 28 1.082 0.000 0.624 13.239
0 29 1.097 0.000 0.582 13.697
0 30 0.785 0.000 0.749 14.075
0 31 1.009 0.000 0.623 14.466
0 32 1.039 0.000 0.618 14.870
0 33 0.887 0.000 0.684 15.301
0 34 0.875 0.000 0.692 15.699
0 35 0.815 0.000 0.710 16.109
0 36 1.087 0.000 0.545 16.531
0 37 1.051 0.000 0.602 16.945
0 38 0.774 0.000 0.700 17.375
0 39 0.894 0.000 0.681 17.786
0 40 0.963 0.000 0.602 18.208
0 41 0.952 0.000 0.653 18.667
0 42 1.134 0.000 0.632 19.034
0 43 1.131 0.000 0.574 19.434
0 44 0.947 0.000 0.653 19.878
0 45 0.993 0.000 0.683 20.235
0 46 0.874 0.000 0.665 20.655
0 47 1.006 0.000 0.573 21.054
0 48 0.906 0.000 0.663 21.468
0 49 0.841 0.000 0.680 21.883
0 50 0.744 0.000 0.720 22.275
0 51 0.835 0.000 0.658 22.643
0 52 0.796 0.000 0.672 23.062
0 53 0.879 0.000 0.683 23.478
0 54 0.792 0.000 0.712 23.881
0 55 1.002 0.000 0.600 24.235
0 56 0.838 0.000 0.683 24.611
0 57 0.974 0.000 0.631 25.026
0 58 0.993 0.000 0.632 25.446
0 59 0.975 0.000 0.601 25.822
0 60 0.814 0.000 0.701 26.221
0 61 0.709 0.000 0.697 26.614
0 62 0.885 0.000 0.664 27.032
0 63 0.786 0.000 0.679 27.432
0 64 0.841 0.000 0.671 27.859
0 65 0.948 0.000 0.623 28.275
0 66 0.715 0.000 0.738 28.681
0 67 0.726 0.000 0.752 29.103
0 68 0.917 0.000 0.656 29.487
0 69 0.738 0.000 0.743 29.886
0 70 0.741 0.000 0.726 30.265
0 71 0.749 0.000 0.734 30.659
0 72 0.878 0.000 0.643 31.075
0 73 0.914 0.000 0.641 31.510
0 74 0.991 0.000 0.629 31.898
0 75 0.737 0.000 0.710 32.311
0 76 0.717 0.000 0.747 32.722
0 77 0.654 0.000 0.776 33.170
0 78 0.670 0.000 0.747 33.576
0 79 0.774 0.000 0.718 33.946
0 80 1.056 0.000 0.601 34.383
0 81 0.881 0.000 0.658 34.805
0 82 0.814 0.000 0.692 35.199
0 83 0.895 0.000 0.634 35.604
0 84 0.707 0.000 0.757 35.999
0 85 0.905 0.000 0.656 36.392
0 86 0.685 0.000 0.725 36.857
0 87 1.029 0.000 0.625 37.287
0 88 0.954 0.000 0.597 37.675
0 89 0.793 0.000 0.642 38.079
0 90 0.712 0.000 0.687 38.454
0 91 0.855 0.000 0.686 38.907
0 92 0.936 0.000 0.629 39.273
0 93 0.692 0.000 0.701 39.745
0 94 0.781 0.000 0.667 40.198
0 95 0.690 0.000 0.757 40.594
0 96 0.734 0.000 0.676 40.988
0 97 0.599 0.000 0.715 41.422
0 98 0.783 0.000 0.702 41.852
0 99 0.724 0.000 0.717 42.265
0 100 0.884 0.000 0.675 42.672
0 101 0.866 0.000 0.681 43.104
0 102 0.767 0.000 0.692 43.505
0 103 0.655 0.000 0.760 43.895
0 104 0.672 0.000 0.720 44.298
0 105 0.590 0.000 0.773 44.695
0 106 0.536 0.000 0.808 45.105
0 107 0.664 0.000 0.771 45.494
0 108 0.673 0.000 0.741 45.919
0 109 0.723 0.000 0.678 46.350
0 110 0.651 0.000 0.731 46.725
0 111 0.612 0.000 0.780 47.140
0 112 0.641 0.000 0.742 47.588
0 113 0.708 0.000 0.738 48.020
0 114 0.699 0.000 0.727 48.422
0 115 0.714 0.000 0.715 48.885
0 116 0.762 0.000 0.713 49.356
0 117 0.749 0.000 0.703 49.789
0 118 0.729 0.000 0.742 50.226
0 119 0.834 0.000 0.690 50.641
0 120 0.508 0.000 0.830 51.077
0 121 0.629 0.000 0.787 51.438
0 122 0.575 0.000 0.802 51.863
0 123 0.831 0.000 0.658 52.274
0 124 0.738 0.000 0.714 52.708
0 125 0.692 0.000 0.776 53.133
0 126 0.668 0.000 0.763 53.545
0 127 0.577 0.000 0.796 53.991
0 128 0.646 0.000 0.766 54.428
0 129 0.599 0.000 0.748 54.903
0 130 0.628 0.000 0.756 55.327
0 131 0.707 0.000 0.751 55.794
0 132 0.582 0.000 0.766 56.255
0 133 0.816 0.000 0.698 56.636
0 134 0.591 0.000 0.776 56.993
0 135 0.619 0.000 0.785 57.421
0 136 0.547 0.000 0.793 57.889
0 137 0.670 0.000 0.744 58.255
0 138 0.537 0.000 0.810 58.640
0 139 0.651 0.000 0.786 59.030
0 140 0.713 0.000 0.733 59.449
0 141 0.785 0.000 0.674 59.861
0 142 0.556 0.000 0.790 60.278
0 143 0.659 0.000 0.780 60.671
0 144 0.553 0.000 0.784 61.052
0 145 0.526 0.000 0.797 61.468
0 146 0.802 0.000 0.693 61.889
0 147 0.544 0.000 0.817 62.342
0 148 0.804 0.000 0.711 62.707
0 149 0.456 0.000 0.846 63.150
0 150 0.702 0.000 0.741 63.571
0 151 0.581 0.000 0.798 63.972
0 152 0.890 0.000 0.671 64.380
0 153 0.752 0.000 0.700 64.773
0 154 0.551 0.000 0.758 65.210
0 155 0.554 0.000 0.790 65.607
0 156 0.880 0.000 0.662 66.041
0 157 0.482 0.000 0.816 66.463
0 158 0.613 0.000 0.805 66.822
0 159 0.864 0.000 0.649 67.194
0 160 0.719 0.000 0.729 67.640
0 161 0.548 0.000 0.801 68.024
0 162 0.714 0.000 0.750 68.395
0 163 0.757 0.000 0.715 68.812
0 164 0.642 0.000 0.727 69.202
0 165 0.607 0.000 0.776 69.614
0 166 0.637 0.000 0.748 70.064
0 167 0.554 0.000 0.806 70.441
0 168 0.557 0.000 0.814 70.819
0 169 0.699 0.000 0.721 71.205
0 170 0.722 0.000 0.698 71.704
0 171 0.666 0.000 0.756 72.239
0 172 0.484 0.000 0.811 72.712
0 173 0.681 0.000 0.730 73.179
0 174 0.725 0.000 0.745 73.640
0 175 0.585 0.000 0.776 74.107
0 176 0.619 0.000 0.771 74.525
0 177 0.572 0.000 0.763 74.960
0 178 0.611 0.000 0.758 75.360
0 179 0.740 0.000 0.684 75.767
0 180 0.639 0.000 0.748 76.194
0 181 0.531 0.000 0.776 76.619
0 182 0.606 0.000 0.786 77.012
0 183 0.655 0.000 0.738 77.428
0 184 0.548 0.000 0.783 77.821
0 185 0.535 0.000 0.795 78.193
0 186 0.565 0.000 0.767 78.614
0 187 0.808 0.000 0.640 79.068
0 188 0.793 0.000 0.661 79.462
0 189 0.750 0.000 0.727 79.916
0 190 0.639 0.000 0.771 80.305
0 191 0.654 0.000 0.697 80.729
0 192 0.594 0.000 0.725 81.175
0 193 0.647 0.000 0.683 81.567
0 194 0.725 0.000 0.693 81.986
0 195 0.645 0.000 0.755 82.419
0 196 0.652 0.000 0.720 82.823
0 197 0.690 0.000 0.708 83.227
0 198 0.575 0.000 0.796 83.671
0 199 0.793 0.000 0.688 84.107
0 200 0.574 0.000 0.783 84.526
0 201 0.512 0.000 0.822 84.954
0 202 0.659 0.000 0.757 85.400
0 203 0.588 0.000 0.791 85.850
0 204 0.605 0.000 0.743 86.316
0 205 0.574 0.000 0.791 86.729
0 206 0.590 0.000 0.778 87.128
0 207 0.648 0.000 0.727 87.586
0 208 0.656 0.000 0.728 88.016
0 209 0.684 0.000 0.739 88.429
0 210 0.571 0.000 0.814 88.818
0 211 0.553 0.000 0.797 89.230
0 212 0.711 0.000 0.697 89.660
0 213 0.547 0.000 0.783 90.086
0 214 0.641 0.000 0.756 90.502
0 215 0.661 0.000 0.742 90.890
0 216 0.599 0.000 0.802 91.293
0 217 0.529 0.000 0.812 91.725
0 218 0.464 0.000 0.822 92.243
0 219 0.566 0.000 0.765 92.611
0 220 0.597 0.000 0.743 93.036
0 221 0.565 0.000 0.757 93.444
0 222 0.661 0.000 0.741 93.862
0 223 0.755 0.000 0.705 94.323
0 224 0.722 0.000 0.700 94.712
0 225 0.373 0.000 0.875 95.085
0 226 0.540 0.000 0.803 95.478
0 227 0.424 0.000 0.868 95.906
0 228 0.709 0.000 0.731 96.357
0 229 0.897 0.000 0.630 96.758
0 230 0.668 0.000 0.742 97.150
0 231 0.604 0.000 0.762 97.561
0 232 0.437 0.000 0.847 97.983
0 233 0.427 0.000 0.842 98.406
0 234 0.405 0.000 0.857 98.843
0 235 0.629 0.000 0.777 99.268
0 236 0.591 0.000 0.801 99.688
0 237 0.483 0.000 0.809 100.084
0 238 0.532 0.000 0.764 100.503
0 239 0.707 0.000 0.745 100.901
0 240 0.513 0.000 0.802 101.297
0 241 0.507 0.000 0.788 101.694
0 242 0.664 0.000 0.749 102.122
0 243 0.566 0.000 0.786 102.507
0 244 0.614 0.000 0.777 102.873
0 245 0.569 0.000 0.790 103.257
0 246 0.466 0.000 0.829 103.671
0 247 0.636 0.000 0.771 104.065
0 248 0.542 0.000 0.789 104.473
0 249 0.571 0.000 0.778 104.901
0 250 0.588 0.000 0.811 105.275
0 251 0.470 0.000 0.844 105.632
0 252 0.501 0.000 0.809 106.103
0 253 0.468 0.000 0.816 106.548
0 254 0.532 0.000 0.774 106.978
0 255 0.642 0.000 0.790 107.402
0 256 0.482 0.000 0.835 107.776
0 257 0.560 0.000 0.811 108.199
0 258 0.550 0.000 0.788 108.637
0 259 0.408 0.000 0.868 109.051
0 260 0.451 0.000 0.849 109.506
0 261 0.564 0.000 0.782 109.904
0 262 0.696 0.000 0.728 110.271
0 263 0.597 0.000 0.769 110.718
0 264 0.653 0.000 0.750 111.097
0 265 0.522 0.000 0.823 111.531
0 266 0.489 0.000 0.826 111.951
0 267 0.964 0.000 0.606 112.361
0 268 0.659 0.000 0.769 112.740
0 269 0.326 0.000 0.896 113.193
0 270 0.553 0.000 0.797 113.637
0 271 0.508 0.000 0.811 114.071
0 272 0.567 0.000 0.807 114.461
0 273 0.539 0.000 0.795 114.847
0 274 0.665 0.000 0.758 115.314
0 275 0.646 0.000 0.740 115.694
0 276 0.675 0.000 0.767 116.129
0 277 0.492 0.000 0.821 116.595
0 278 0.677 0.000 0.726 117.037
0 279 0.434 0.000 0.844 117.441
0 280 0.580 0.000 0.775 117.812
0 281 0.467 0.000 0.837 118.230
0 282 0.547 0.000 0.786 118.593
0 283 0.572 0.000 0.791 119.021
0 284 0.467 0.000 0.836 119.440
0 285 0.485 0.000 0.814 119.812
0 286 0.553 0.000 0.769 120.194
0 287 0.664 0.000 0.738 120.609
0 288 0.495 0.000 0.793 121.097
0 289 0.606 0.000 0.739 121.469
0 290 0.533 0.000 0.769 121.925
0 291 0.539 0.000 0.792 122.328
0 292 0.485 0.000 0.823 122.715
0 293 0.413 0.000 0.858 123.113
0 294 0.683 0.000 0.775 123.517
0 295 0.476 0.000 0.818 123.902
0 296 0.564 0.000 0.791 124.289
0 297 0.541 0.000 0.808 124.669
0 298 0.567 0.000 0.779 125.063
0 299 0.673 0.000 0.731 125.470
0 300 0.412 0.000 0.861 125.877
0 301 0.452 0.000 0.857 126.325
0 302 0.479 0.000 0.822 126.721
0 303 0.495 0.000 0.816 127.103
0 304 0.577 0.000 0.779 127.542
0 305 0.624 0.000 0.757 127.939
0 306 0.383 0.000 0.865 128.341
0 307 0.429 0.000 0.846 128.724
0 308 0.385 0.000 0.859 129.118
0 309 0.530 0.000 0.807 129.533
0 310 0.622 0.000 0.776 129.957
0 311 0.463 0.000 0.830 130.390
0 312 0.495 0.000 0.840 130.818
0 313 0.500 0.000 0.813 131.229
0 314 0.623 0.000 0.776 131.673
0 315 0.481 0.000 0.820 132.052
0 316 0.578 0.000 0.784 132.445
0 317 0.571 0.000 0.782 132.881
0 318 0.541 0.000 0.811 133.310
0 319 0.601 0.000 0.778 133.734
0 320 0.371 0.000 0.878 134.133
0 321 0.494 0.000 0.806 134.569
0 322 0.591 0.000 0.769 134.956
0 323 0.506 0.000 0.819 135.383
0 324 0.414 0.000 0.848 135.832
0 325 0.836 0.000 0.711 136.206
0 326 0.438 0.000 0.850 136.621
0 327 0.613 0.000 0.784 137.070
0 328 0.553 0.000 0.800 137.479
0 329 0.544 0.000 0.806 137.927
0 330 0.450 0.000 0.827 138.368
0 331 0.449 0.000 0.848 138.823
0 332 0.580 0.000 0.767 139.213
0 333 0.478 0.000 0.807 139.599
0 334 0.431 0.000 0.829 139.978
0 335 0.857 0.000 0.792 140.390
0 336 0.508 0.000 0.827 140.783
0 337 0.657 0.000 0.761 141.244
0 338 0.543 0.000 0.792 141.636
0 339 0.410 0.000 0.856 142.029
0 340 0.669 0.000 0.763 142.451
0 341 0.585 0.000 0.798 142.815
0 342 0.745 0.000 0.694 143.223
0 343 0.541 0.000 0.797 143.590
0 344 0.395 0.000 0.843 144.009
0 345 0.514 0.000 0.829 144.447
0 346 0.536 0.000 0.808 144.857
0 347 0.502 0.000 0.823 145.231
0 348 0.386 0.000 0.859 145.613
0 349 0.443 0.000 0.840 146.030
0 350 0.479 0.000 0.827 146.467
0 351 0.410 0.000 0.863 146.869
0 352 0.420 0.000 0.846 147.254
0 353 0.431 0.000 0.848 147.651
0 354 0.505 0.000 0.814 148.066
0 355 0.622 0.000 0.788 148.475
0 356 0.527 0.000 0.804 148.927
0 357 0.443 0.000 0.848 149.348
0 358 0.463 0.000 0.839 149.743
0 359 0.405 0.000 0.852 150.179
0 360 0.427 0.000 0.850 150.543
0 361 0.408 0.000 0.849 150.918
0 362 0.504 0.000 0.826 151.332
0 363 0.511 0.000 0.807 151.724
0 364 0.585 0.000 0.765 152.150
0 365 0.454 0.000 0.824 152.522
0 366 0.417 0.000 0.845 152.964
0 367 0.693 0.000 0.766 153.360
0 368 0.391 0.000 0.878 153.808
0 369 0.400 0.000 0.866 154.200
0 370 0.419 0.000 0.840 154.632
0 371 0.463 0.000 0.822 155.062
0 372 0.605 0.000 0.786 155.473
0 373 0.457 0.000 0.814 155.914
0 374 0.654 0.000 0.765 156.306
0 375 0.587 0.000 0.759 156.693
0 376 0.533 0.000 0.804 157.140
0 377 0.615 0.000 0.784 157.616
0 378 0.537 0.000 0.807 158.036
0 379 0.431 0.000 0.820 158.463
0 380 0.546 0.000 0.776 158.832
0 381 0.542 0.000 0.792 159.219
0 382 0.644 0.000 0.764 159.648
0 383 0.450 0.000 0.847 160.058
0 384 0.408 0.000 0.856 160.495
0 385 0.622 0.000 0.758 160.929
0 386 0.446 0.000 0.848 161.352
0 387 0.601 0.000 0.787 161.727
0 388 0.688 0.000 0.743 162.113
0 389 0.483 0.000 0.829 162.497
0 390 0.490 0.000 0.802 162.889
0 391 0.637 0.000 0.747 163.266
0 392 0.535 0.000 0.818 163.670
0 393 0.546 0.000 0.796 164.061
0 394 0.490 0.000 0.834 164.428
0 395 0.507 0.000 0.803 164.873
0 396 0.635 0.000 0.745 165.256
0 397 0.400 0.000 0.867 165.685
0 398 0.385 0.000 0.859 166.112
0 399 0.604 0.000 0.791 166.499
0 400 0.476 0.000 0.796 166.948
0 401 0.568 0.000 0.767 167.298
0 402 0.518 0.000 0.791 167.722
0 403 0.665 0.000 0.748 168.091
0 404 0.590 0.000 0.783 168.553
0 405 0.484 0.000 0.827 168.956
0 406 0.464 0.000 0.840 169.412
0 407 0.508 0.000 0.826 169.901
0 408 0.317 0.000 0.898 170.320
0 409 0.501 0.000 0.833 170.698
0 410 0.495 0.000 0.811 171.120
0 411 0.418 0.000 0.846 171.526
0 412 0.416 0.000 0.848 171.953
0 413 0.498 0.000 0.802 172.369
0 414 0.482 0.000 0.830 172.722
0 415 0.446 0.000 0.833 173.163
0 416 0.499 0.000 0.816 173.616
0 417 0.487 0.000 0.806 174.068
0 418 0.402 0.000 0.853 174.429
0 419 0.446 0.000 0.827 174.844
0 420 0.436 0.000 0.849 175.299
0 421 0.409 0.000 0.857 175.759
0 422 0.501 0.000 0.829 176.146
0 423 0.394 0.000 0.848 176.598
0 424 0.476 0.000 0.806 177.023
0 425 0.413 0.000 0.865 177.472
0 426 0.497 0.000 0.810 177.895
0 427 0.510 0.000 0.787 178.272
0 428 0.488 0.000 0.831 178.658
0 429 0.536 0.000 0.788 179.118
0 430 0.405 0.000 0.860 179.621
0 431 0.425 0.000 0.849 180.041
0 432 0.452 0.000 0.830 180.503
0 433 0.410 0.000 0.855 180.968
0 434 0.453 0.000 0.849 181.424
0 435 0.655 0.000 0.750 181.824
0 436 0.585 0.000 0.766 182.223
0 437 0.501 0.000 0.822 182.598
0 438 0.397 0.000 0.854 183.047
0 439 0.453 0.000 0.811 183.440
0 440 0.433 0.000 0.840 183.879
0 441 0.465 0.000 0.815 184.324
0 442 0.424 0.000 0.839 184.784
0 443 0.443 0.000 0.839 185.178
0 444 0.585 0.000 0.804 185.535
0 445 0.403 0.000 0.838 185.908
0 446 0.378 0.000 0.858 186.312
0 447 0.374 0.000 0.874 186.747
0 448 0.390 0.000 0.857 187.181
0 449 0.705 0.000 0.742 187.556
0 450 0.431 0.000 0.845 187.967
0 451 0.481 0.000 0.822 188.358
0 452 0.450 0.000 0.816 188.789
0 453 0.408 0.000 0.850 189.216
0 454 0.430 0.000 0.844 189.641
0 455 0.385 0.000 0.851 190.055
0 456 0.404 0.000 0.851 190.492
0 457 0.587 0.000 0.785 190.956
0 458 0.440 0.000 0.847 191.378
0 459 0.508 0.000 0.839 191.751
0 460 0.399 0.000 0.860 192.187
0 461 0.796 0.000 0.685 192.559
0 462 0.676 0.000 0.756 192.952
0 463 0.349 0.000 0.874 193.362
0 464 0.407 0.000 0.866 193.804
0 465 0.518 0.000 0.806 194.252
0 466 0.424 0.000 0.852 194.702
0 467 0.328 0.000 0.894 195.171
0 468 0.474 0.000 0.825 195.593
0 469 0.600 0.000 0.769 195.967
0 470 0.537 0.000 0.780 196.365
0 471 0.509 0.000 0.816 196.830
0 472 0.608 0.000 0.759 197.251
0 473 0.523 0.000 0.800 197.655
0 474 0.383 0.000 0.868 198.066
0 475 0.601 0.000 0.754 198.479
0 476 0.532 0.000 0.787 198.854
0 477 0.499 0.000 0.805 199.230
0 478 0.359 0.000 0.870 199.625
0 479 0.561 0.000 0.758 200.036
0 480 0.786 0.000 0.653 200.423
0 481 0.577 0.000 0.764 200.809
0 482 0.423 0.000 0.862 201.181
0 483 0.445 0.000 0.841 201.604
0 484 0.413 0.000 0.856 202.023
0 485 0.520 0.000 0.793 202.480
0 486 0.505 0.000 0.802 202.887
0 487 0.551 0.000 0.778 203.306
0 488 0.473 0.000 0.809 203.677
0 489 0.583 0.000 0.786 204.101
0 490 0.387 0.000 0.839 204.563
0 491 0.419 0.000 0.873 204.957
0 492 0.498 0.000 0.801 205.367
0 493 0.573 0.000 0.780 205.820
0 494 0.565 0.000 0.789 206.264
0 495 0.486 0.000 0.828 206.664
0 496 0.530 0.000 0.772 207.129
0 497 0.555 0.000 0.770 207.599
0 498 0.396 0.000 0.855 208.066
0 499 0.428 0.000 0.841 208.462
1 0 0.430 0.000 0.823 219.126
1 1 0.501 0.000 0.833 219.580
1 2 0.508 0.000 0.819 219.977
1 3 0.588 0.000 0.721 220.369
1 4 0.410 0.000 0.842 220.793
1 5 0.549 0.000 0.795 221.144
1 6 0.445 0.000 0.839 221.520
1 7 0.496 0.000 0.825 221.907
1 8 0.480 0.000 0.814 222.358
1 9 0.476 0.000 0.816 222.751
1 10 0.667 0.000 0.761 223.119
1 11 0.413 0.000 0.852 223.576
1 12 0.694 0.000 0.760 224.015
1 13 0.473 0.000 0.830 224.387
1 14 0.613 0.000 0.705 224.745
1 15 0.420 0.000 0.840 225.182
1 16 0.419 0.000 0.837 225.564
1 17 0.545 0.000 0.775 226.010
1 18 0.463 0.000 0.852 226.428
1 19 0.376 0.000 0.857 226.814
1 20 0.434 0.000 0.851 227.213
1 21 0.449 0.000 0.823 227.653
1 22 0.541 0.000 0.820 228.086
1 23 0.456 0.000 0.831 228.550
1 24 0.510 0.000 0.814 228.948
1 25 0.409 0.000 0.868 229.363
1 26 0.534 0.000 0.796 229.743
1 27 0.410 0.000 0.865 230.180
1 28 0.529 0.000 0.795 230.614
1 29 0.572 0.000 0.794 231.030
1 30 0.368 0.000 0.876 231.465
1 31 0.479 0.000 0.839 231.850
1 32 0.489 0.000 0.796 232.325
1 33 0.442 0.000 0.852 232.754
1 34 0.490 0.000 0.821 233.150
1 35 0.439 0.000 0.859 233.603
1 36 0.310 0.000 0.902 234.070
1 37 0.800 0.000 0.663 234.477
1 38 0.315 0.000 0.890 234.874
1 39 0.420 0.000 0.843 235.227
1 40 0.505 0.000 0.802 235.609
1 41 0.311 0.000 0.887 236.031
1 42 0.483 0.000 0.822 236.454
1 43 0.524 0.000 0.775 236.903
1 44 0.338 0.000 0.893 237.326
1 45 0.392 0.000 0.858 237.732
1 46 0.448 0.000 0.830 238.147
1 47 0.630 0.000 0.775 238.532
1 48 0.602 0.000 0.788 238.938
1 49 0.359 0.000 0.876 239.384
1 50 0.379 0.000 0.849 239.789
1 51 0.491 0.000 0.820 240.208
1 52 0.382 0.000 0.844 240.653
1 53 0.424 0.000 0.849 241.073
1 54 0.502 0.000 0.842 241.502
1 55 0.354 0.000 0.869 241.921
1 56 0.556 0.000 0.812 242.359
1 57 0.459 0.000 0.832 242.770
1 58 0.532 0.000 0.816 243.193
1 59 0.377 0.000 0.881 243.607
1 60 0.431 0.000 0.832 244.064
1 61 0.445 0.000 0.842 244.537
1 62 0.358 0.000 0.891 244.944
1 63 0.525 0.000 0.815 245.339
1 64 0.399 0.000 0.850 245.771
1 65 0.383 0.000 0.865 246.137
1 66 0.622 0.000 0.763 246.585
1 67 0.401 0.000 0.864 246.937
1 68 0.481 0.000 0.816 247.349
1 69 0.493 0.000 0.810 247.779
1 70 0.534 0.000 0.787 248.198
1 71 0.641 0.000 0.761 248.631
1 72 0.453 0.000 0.840 249.061
1 73 0.699 0.000 0.744 249.479
1 74 0.428 0.000 0.843 249.913
1 75 0.391 0.000 0.856 250.398
1 76 0.369 0.000 0.872 250.811
1 77 0.445 0.000 0.847 251.197
1 78 0.515 0.000 0.809 251.591
1 79 0.363 0.000 0.879 252.043
1 80 0.385 0.000 0.875 252.465
1 81 0.458 0.000 0.802 252.900
1 82 0.414 0.000 0.851 253.307
1 83 0.448 0.000 0.826 253.694
1 84 0.401 0.000 0.857 254.080
1 85 0.481 0.000 0.833 254.518
1 86 0.707 0.000 0.708 254.942
1 87 0.614 0.000 0.758 255.339
1 88 0.451 0.000 0.832 255.753
1 89 0.451 0.000 0.830 256.137
1 90 0.504 0.000 0.810 256.596
1 91 0.434 0.000 0.847 257.044
1 92 0.495 0.000 0.822 257.408
1 93 0.412 0.000 0.846 257.798
1 94 0.433 0.000 0.830 258.159
1 95 0.364 0.000 0.874 258.528
1 96 0.324 0.000 0.877 258.902
1 97 0.459 0.000 0.839 259.292
1 98 0.504 0.000 0.806 259.695
1 99 0.486 0.000 0.821 260.123
1 100 0.539 0.000 0.802 260.568
1 101 0.390 0.000 0.856 260.982
1 102 0.567 0.000 0.779 261.441
1 103 0.533 0.000 0.813 261.818
1 104 0.423 0.000 0.841 262.183
1 105 0.558 0.000 0.777 262.589
1 106 0.533 0.000 0.782 263.040
1 107 0.517 0.000 0.821 263.464
1 108 0.562 0.000 0.782 263.925
1 109 0.425 0.000 0.840 264.332
1 110 0.744 0.000 0.704 264.767
1 111 0.474 0.000 0.838 265.186
1 112 0.466 0.000 0.839 265.618
1 113 0.483 0.000 0.799 266.006
1 114 0.413 0.000 0.865 266.421
1 115 0.580 0.000 0.765 266.821
1 116 0.344 0.000 0.881 267.206
1 117 0.409 0.000 0.845 267.643
1 118 0.520 0.000 0.804 268.075
1 119 0.460 0.000 0.830 268.458
1 120 0.494 0.000 0.822 268.869
1 121 0.388 0.000 0.871 269.287
1 122 0.464 0.000 0.820 269.674
1 123 0.389 0.000 0.852 270.068
1 124 0.460 0.000 0.838 270.430
1 125 0.446 0.000 0.825 270.888
1 126 0.368 0.000 0.879 271.276
1 127 0.545 0.000 0.808 271.649
1 128 0.408 0.000 0.827 272.083
1 129 0.381 0.000 0.864 272.521
1 130 0.458 0.000 0.834 272.923
1 131 0.396 0.000 0.838 273.348
1 132 0.457 0.000 0.815 273.838
1 133 0.360 0.000 0.860 274.296
1 134 0.391 0.000 0.868 274.698
1 135 0.380 0.000 0.843 275.143
1 136 0.394 0.000 0.848 275.607
1 137 0.847 0.000 0.663 276.048
1 138 0.471 0.000 0.821 276.501
1 139 0.500 0.000 0.819 276.960
1 140 0.266 0.000 0.909 277.332
1 141 0.348 0.000 0.868 277.740
1 142 0.438 0.000 0.842 278.150
1 143 0.626 0.000 0.771 278.569
1 144 0.375 0.000 0.862 279.021
1 145 0.483 0.000 0.838 279.440
1 146 0.342 0.000 0.870 279.901
1 147 0.387 0.000 0.865 280.373
1 148 0.649 0.000 0.720 280.816
1 149 0.437 0.000 0.850 281.170
1 150 0.412 0.000 0.847 281.556
1 151 0.309 0.000 0.906 281.934
1 152 0.548 0.000 0.753 282.328
1 153 0.394 0.000 0.869 282.708
1 154 0.361 0.000 0.874 283.114
1 155 0.430 0.000 0.860 283.592
1 156 0.410 0.000 0.839 284.025
1 157 0.432 0.000 0.869 284.409
1 158 0.457 0.000 0.829 284.890
1 159 0.393 0.000 0.860 285.332
1 160 0.520 0.000 0.791 285.748
1 161 0.450 0.000 0.806 286.147
1 162 0.413 0.000 0.848 286.529
1 163 0.357 0.000 0.876 286.963
1 164 0.395 0.000 0.877 287.393
1 165 0.448 0.000 0.841 287.747
1 166 0.284 0.000 0.903 288.152
1 167 0.446 0.000 0.851 288.568
1 168 0.330 0.000 0.880 288.957
1 169 0.369 0.000 0.864 289.294
1 170 0.468 0.000 0.815 289.684
1 171 0.324 0.000 0.880 290.042
1 172 0.414 0.000 0.845 290.488
1 173 0.413 0.000 0.860 290.955
1 174 0.440 0.000 0.823 291.422
1 175 0.702 0.000 0.710 291.843
1 176 0.537 0.000 0.810 292.239
1 177 0.320 0.000 0.891 292.655
1 178 0.402 0.000 0.844 293.089
1 179 0.419 0.000 0.852 293.492
1 180 0.408 0.000 0.861 293.902
1 181 0.429 0.000 0.859 294.285
1 182 0.524 0.000 0.812 294.725
1 183 0.384 0.000 0.861 295.093
1 184 0.479 0.000 0.816 295.485
1 185 0.737 0.000 0.702 295.884
1 186 0.425 0.000 0.835 296.295
1 187 0.498 0.000 0.829 296.740
1 188 0.500 0.000 0.796 297.150
1 189 0.510 0.000 0.804 297.542
1 190 0.304 0.000 0.905 297.956
1 191 0.397 0.000 0.854 298.354
1 192 0.435 0.000 0.825 298.729
1 193 0.376 0.000 0.855 299.117
1 194 0.534 0.000 0.816 299.456
1 195 0.531 0.000 0.794 299.890
1 196 0.403 0.000 0.858 300.332
1 197 0.389 0.000 0.852 300.771
1 198 0.579 0.000 0.787 301.201
1 199 0.427 0.000 0.854 301.568
1 200 0.413 0.000 0.834 301.942
1 201 0.409 0.000 0.829 302.387
1 202 0.382 0.000 0.854 302.767
1 203 0.375 0.000 0.855 303.165
1 204 0.390 0.000 0.860 303.570
1 205 0.368 0.000 0.863 304.001
1 206 0.504 0.000 0.810 304.432
1 207 0.482 0.000 0.827 304.805
1 208 0.492 0.000 0.832 305.188
1 209 0.438 0.000 0.845 305.600
1 210 0.476 0.000 0.824 305.988
1 211 0.369 0.000 0.869 306.396
1 212 0.324 0.000 0.885 306.850
1 213 0.393 0.000 0.884 307.264
1 214 0.606 0.000 0.802 307.645
1 215 0.358 0.000 0.871 308.075
1 216 0.418 0.000 0.852 308.472
1 217 0.412 0.000 0.859 308.833
1 218 0.354 0.000 0.877 309.209
1 219 0.315 0.000 0.886 309.564
1 220 0.443 0.000 0.851 309.930
1 221 0.671 0.000 0.723 310.330
1 222 0.348 0.000 0.864 310.766
1 223 0.610 0.000 0.755 311.209
1 224 0.594 0.000 0.773 311.624
1 225 0.427 0.000 0.828 312.005
1 226 0.452 0.000 0.822 312.393
1 227 0.496 0.000 0.799 312.793
1 228 0.381 0.000 0.857 313.182
1 229 0.312 0.000 0.897 313.590
1 230 0.513 0.000 0.804 313.958
1 231 0.698 0.000 0.739 314.339
1 232 0.437 0.000 0.849 314.757
1 233 0.515 0.000 0.807 315.152
1 234 0.402 0.000 0.853 315.584
1 235 0.412 0.000 0.845 315.996
1 236 0.333 0.000 0.884 316.415
1 237 0.462 0.000 0.838 316.855
1 238 0.508 0.000 0.809 317.227
1 239 0.412 0.000 0.853 317.596
1 240 0.318 0.000 0.902 317.983
1 241 0.348 0.000 0.868 318.410
1 242 0.387 0.000 0.843 318.848
1 243 0.416 0.000 0.857 319.230
1 244 0.515 0.000 0.783 319.608
1 245 0.328 0.000 0.882 319.992
1 246 0.417 0.000 0.841 320.362
1 247 0.455 0.000 0.841 320.797
1 248 0.421 0.000 0.843 321.191
1 249 0.470 0.000 0.821 321.587
1 250 0.450 0.000 0.829 322.022
1 251 0.286 0.000 0.906 322.481
1 252 0.588 0.000 0.782 322.888
1 253 0.430 0.000 0.830 323.255
1 254 0.458 0.000 0.800 323.659
1 255 0.471 0.000 0.821 324.030
1 256 0.339 0.000 0.877 324.441
1 257 0.393 0.000 0.858 324.877
1 258 0.439 0.000 0.832 325.352
1 259 0.479 0.000 0.819 325.771
1 260 0.439 0.000 0.827 326.217
1 261 0.402 0.000 0.851 326.637
1 262 0.653 0.000 0.766 327.070
1 263 0.479 0.000 0.816 327.521
1 264 0.568 0.000 0.784 327.933
1 265 0.427 0.000 0.860 328.396
1 266 0.329 0.000 0.889 328.874
1 267 0.379 0.000 0.874 329.242
1 268 0.324 0.000 0.860 329.621
1 269 0.413 0.000 0.849 330.040
1 270 0.430 0.000 0.833 330.392
1 271 0.397 0.000 0.846 330.817
1 272 0.445 0.000 0.842 331.191
1 273 0.360 0.000 0.875 331.594
1 274 0.368 0.000 0.877 332.038
1 275 0.479 0.000 0.810 332.437
1 276 0.416 0.000 0.852 332.867
1 277 0.442 0.000 0.822 333.370
1 278 0.416 0.000 0.852 333.802
1 279 0.418 0.000 0.849 334.251
1 280 0.353 0.000 0.882 334.747
1 281 0.360 0.000 0.875 335.194
1 282 0.383 0.000 0.866 335.646
1 283 0.387 0.000 0.849 336.121
1 284 0.416 0.000 0.842 336.566
1 285 0.359 0.000 0.866 336.996
1 286 0.424 0.000 0.861 337.493
1 287 0.416 0.000 0.847 337.934
1 288 0.405 0.000 0.836 338.353
1 289 0.375 0.000 0.871 338.757
1 290 0.421 0.000 0.853 339.249
1 291 0.519 0.000 0.818 339.664
1 292 0.387 0.000 0.871 340.090
1 293 0.461 0.000 0.843 340.471
1 294 0.482 0.000 0.818 340.862
1 295 0.407 0.000 0.843 341.312
1 296 0.367 0.000 0.852 341.743
1 297 0.345 0.000 0.881 342.138
1 298 0.358 0.000 0.870 342.547
1 299 0.530 0.000 0.821 342.939
1 300 0.431 0.000 0.842 343.347
1 301 0.425 0.000 0.859 343.755
1 302 0.412 0.000 0.844 344.161
1 303 0.474 0.000 0.837 344.606
1 304 0.450 0.000 0.832 345.025
1 305 0.338 0.000 0.876 345.397
1 306 0.405 0.000 0.850 345.795
1 307 0.385 0.000 0.847 346.225
1 308 0.408 0.000 0.839 346.602
1 309 0.598 0.000 0.792 347.077
1 310 0.419 0.000 0.848 347.520
1 311 0.318 0.000 0.881 348.002
1 312 0.420 0.000 0.847 348.459
1 313 0.464 0.000 0.828 348.872
1 314 0.322 0.000 0.885 349.271
1 315 0.310 0.000 0.883 349.713
1 316 0.463 0.000 0.832 350.082
1 317 0.482 0.000 0.801 350.457
1 318 0.461 0.000 0.844 350.908
1 319 0.495 0.000 0.808 351.342
1 320 0.397 0.000 0.857 351.800
1 321 0.488 0.000 0.813 352.184
1 322 0.316 0.000 0.886 352.566
1 323 0.318 0.000 0.893 352.982
1 324 0.322 0.000 0.890 353.416
1 325 0.502 0.000 0.799 353.861
1 326 0.420 0.000 0.855 354.308
1 327 0.380 0.000 0.884 354.740
1 328 0.533 0.000 0.796 355.113
1 329 0.356 0.000 0.871 355.555
1 330 0.376 0.000 0.860 355.962
1 331 0.400 0.000 0.855 356.404
1 332 0.505 0.000 0.804 356.771
1 333 0.532 0.000 0.814 357.164
1 334 0.389 0.000 0.850 357.537
1 335 0.441 0.000 0.831 357.940
1 336 0.519 0.000 0.799 358.347
1 337 0.510 0.000 0.798 358.745
1 338 0.476 0.000 0.823 359.195
1 339 0.348 0.000 0.880 359.649
1 340 0.428 0.000 0.837 360.109
1 341 0.340 0.000 0.870 360.557
1 342 0.420 0.000 0.842 360.970
1 343 0.311 0.000 0.892 361.380
1 344 0.356 0.000 0.878 361.812
1 345 0.312 0.000 0.887 362.275
1 346 0.470 0.000 0.820 362.643
1 347 0.350 0.000 0.881 363.106
1 348 0.396 0.000 0.843 363.614
1 349 0.486 0.000 0.813 364.127
1 350 0.381 0.000 0.853 364.607
1 351 0.430 0.000 0.858 365.096
1 352 0.540 0.000 0.792 365.486
1 353 0.475 0.000 0.823 365.907
1 354 0.499 0.000 0.804 366.346
1 355 0.383 0.000 0.874 366.788
1 356 0.502 0.000 0.803 367.257
1 357 0.463 0.000 0.828 367.718
1 358 0.381 0.000 0.866 368.153
1 359 0.332 0.000 0.865 368.612
1 360 0.307 0.000 0.891 369.004
1 361 0.446 0.000 0.818 369.370
1 362 0.435 0.000 0.845 369.812
1 363 0.293 0.000 0.904 370.254
1 364 0.455 0.000 0.847 370.689
1 365 0.438 0.000 0.854 371.079
1 366 0.329 0.000 0.888 371.515
1 367 0.351 0.000 0.883 371.927
1 368 0.414 0.000 0.848 372.355
1 369 0.339 0.000 0.878 372.772
1 370 0.455 0.000 0.835 373.196
1 371 0.315 0.000 0.895 373.604
1 372 0.373 0.000 0.863 373.984
1 373 0.445 0.000 0.832 374.346
1 374 0.552 0.000 0.752 374.755
1 375 0.367 0.000 0.864 375.240
1 376 0.427 0.000 0.851 375.657
1 377 0.390 0.000 0.853 376.048
1 378 0.408 0.000 0.851 376.466
1 379 0.437 0.000 0.851 376.880
1 380 0.443 0.000 0.815 377.245
1 381 0.425 0.000 0.844 377.652
1 382 0.325 0.000 0.889 378.101
1 383 0.461 0.000 0.835 378.544
1 384 0.376 0.000 0.865 378.944
1 385 0.432 0.000 0.838 379.304
1 386 0.334 0.000 0.886 379.710
1 387 0.382 0.000 0.865 380.138
1 388 0.506 0.000 0.811 380.498
1 389 0.314 0.000 0.891 380.936
1 390 0.527 0.000 0.810 381.317
1 391 0.375 0.000 0.859 381.719
1 392 0.334 0.000 0.867 382.140
1 393 0.461 0.000 0.838 382.542
1 394 0.458 0.000 0.840 382.940
1 395 0.439 0.000 0.832 383.349
1 396 0.365 0.000 0.867 383.782
1 397 0.401 0.000 0.869 384.197
1 398 0.333 0.000 0.876 384.637
1 399 0.338 0.000 0.874 385.034
1 400 0.407 0.000 0.859 385.477
1 401 0.369 0.000 0.868 385.861
1 402 0.306 0.000 0.895 386.263
1 403 0.416 0.000 0.842 386.710
1 404 0.312 0.000 0.892 387.110
1 405 0.360 0.000 0.874 387.513
1 406 0.473 0.000 0.825 387.915
1 407 0.371 0.000 0.856 388.275
1 408 0.347 0.000 0.884 388.745
1 409 0.567 0.000 0.778 389.167
1 410 0.367 0.000 0.869 389.620
1 411 0.421 0.000 0.839 390.045
1 412 0.451 0.000 0.830 390.433
1 413 0.389 0.000 0.863 390.861
1 414 0.287 0.000 0.902 391.317
1 415 0.390 0.000 0.863 391.778
1 416 0.356 0.000 0.874 392.216
1 417 0.399 0.000 0.862 392.658
1 418 0.396 0.000 0.841 393.092
1 419 0.337 0.000 0.865 393.511
1 420 0.293 0.000 0.913 393.963
1 421 0.373 0.000 0.854 394.376
1 422 0.553 0.000 0.777 394.777
1 423 0.410 0.000 0.832 395.191
1 424 0.411 0.000 0.848 395.617
1 425 0.403 0.000 0.849 396.069
1 426 0.379 0.000 0.861 396.489
1 427 0.345 0.000 0.867 396.927
1 428 0.415 0.000 0.839 397.349
1 429 0.323 0.000 0.884 397.773
1 430 0.392 0.000 0.849 398.152
1 431 0.422 0.000 0.850 398.515
1 432 0.356 0.000 0.868 398.971
1 433 0.398 0.000 0.856 399.347
1 434 0.463 0.000 0.844 399.758
1 435 0.411 0.000 0.833 400.149
1 436 0.421 0.000 0.853 400.522
1 437 0.330 0.000 0.896 400.901
1 438 0.389 0.000 0.862 401.273
1 439 0.347 0.000 0.859 401.707
1 440 0.345 0.000 0.881 402.111
1 441 0.335 0.000 0.883 402.559
1 442 0.354 0.000 0.882 402.963
1 443 0.407 0.000 0.848 403.345
1 444 0.438 0.000 0.844 403.759
1 445 0.412 0.000 0.861 404.141
1 446 0.529 0.000 0.792 404.532
1 447 0.330 0.000 0.889 404.951
1 448 0.479 0.000 0.836 405.304
1 449 0.360 0.000 0.864 405.717
1 450 0.386 0.000 0.868 406.144
1 451 0.405 0.000 0.838 406.558
1 452 0.407 0.000 0.853 406.924
1 453 0.383 0.000 0.860 407.300
1 454 0.319 0.000 0.898 407.705
1 455 0.396 0.000 0.861 408.159
1 456 0.603 0.000 0.756 408.540
1 457 0.434 0.000 0.827 408.918
1 458 0.366 0.000 0.858 409.326
1 459 0.388 0.000 0.868 409.713
1 460 0.392 0.000 0.863 410.118
1 461 0.387 0.000 0.866 410.535
1 462 0.330 0.000 0.882 410.913
1 463 0.264 0.000 0.907 411.293
1 464 0.387 0.000 0.866 411.660
1 465 0.341 0.000 0.880 412.082
1 466 0.378 0.000 0.862 412.470
1 467 0.437 0.000 0.844 412.856
1 468 0.477 0.000 0.807 413.247
1 469 0.369 0.000 0.875 413.685
1 470 0.356 0.000 0.865 414.103
1 471 0.409 0.000 0.854 414.479
1 472 0.314 0.000 0.894 414.926
1 473 0.467 0.000 0.819 415.311
1 474 0.352 0.000 0.857 415.702
1 475 0.358 0.000 0.854 416.122
1 476 0.419 0.000 0.847 416.504
1 477 0.291 0.000 0.909 416.876
1 478 0.497 0.000 0.805 417.265
1 479 0.566 0.000 0.776 417.725
1 480 0.324 0.000 0.890 418.121
1 481 0.277 0.000 0.907 418.513
1 482 0.285 0.000 0.912 418.967
1 483 0.324 0.000 0.887 419.367
1 484 0.459 0.000 0.840 419.780
1 485 0.350 0.000 0.880 420.188
1 486 0.284 0.000 0.911 420.588
1 487 0.310 0.000 0.894 421.015
1 488 0.487 0.000 0.779 421.475
1 489 0.249 0.000 0.915 421.876
1 490 0.414 0.000 0.848 422.300
1 491 0.429 0.000 0.800 422.744
1 492 0.383 0.000 0.859 423.207
1 493 0.351 0.000 0.867 423.654
1 494 0.404 0.000 0.858 424.033
1 495 0.369 0.000 0.869 424.432
1 496 0.524 0.000 0.768 424.853
1 497 0.385 0.000 0.863 425.255
1 498 0.403 0.000 0.864 425.661
1 499 0.444 0.000 0.840 426.119
2 0 0.412 0.000 0.850 439.998
2 1 0.281 0.000 0.905 440.634
2 2 0.269 0.000 0.903 441.073
2 3 0.490 0.000 0.832 441.491
2 4 0.307 0.000 0.893 441.892
2 5 0.372 0.000 0.827 442.296
2 6 0.434 0.000 0.856 442.737
2 7 0.389 0.000 0.849 443.152
2 8 0.388 0.000 0.863 443.584
2 9 0.421 0.000 0.839 444.032
2 10 0.329 0.000 0.884 444.456
2 11 0.383 0.000 0.875 444.864
2 12 0.376 0.000 0.858 445.319
2 13 0.294 0.000 0.890 445.733
2 14 0.472 0.000 0.847 446.149
2 15 0.386 0.000 0.864 446.563
2 16 0.419 0.000 0.865 446.948
2 17 0.411 0.000 0.862 447.427
2 18 0.529 0.000 0.817 447.909
2 19 0.409 0.000 0.836 448.273
2 20 0.415 0.000 0.862 448.655
2 21 0.528 0.000 0.811 449.042
2 22 0.459 0.000 0.831 449.499
2 23 0.372 0.000 0.844 449.937
2 24 0.442 0.000 0.834 450.341
2 25 0.348 0.000 0.877 450.831
2 26 0.475 0.000 0.841 451.226
2 27 0.318 0.000 0.886 451.690
2 28 0.358 0.000 0.879 452.100
2 29 0.323 0.000 0.893 452.590
2 30 0.475 0.000 0.813 453.079
2 31 0.422 0.000 0.839 453.584
2 32 0.294 0.000 0.891 454.071
2 33 0.279 0.000 0.902 454.633
2 34 0.484 0.000 0.820 455.064
2 35 0.376 0.000 0.867 455.519
2 36 0.498 0.000 0.805 456.006
2 37 0.355 0.000 0.865 456.404
2 38 0.336 0.000 0.889 456.907
2 39 0.317 0.000 0.893 457.312
2 40 0.296 0.000 0.898 457.711
2 41 0.431 0.000 0.833 458.106
2 42 0.310 0.000 0.903 458.507
2 43 0.422 0.000 0.845 458.899
2 44 0.394 0.000 0.868 459.335
2 45 0.340 0.000 0.886 459.719
2 46 0.432 0.000 0.843 460.130
2 47 0.342 0.000 0.861 460.567
2 48 0.371 0.000 0.875 460.967
2 49 0.380 0.000 0.858 461.389
2 50 0.351 0.000 0.872 461.764
2 51 0.345 0.000 0.880 462.221
2 52 0.361 0.000 0.850 462.618
2 53 0.316 0.000 0.888 462.996
2 54 0.345 0.000 0.880 463.390
2 55 0.450 0.000 0.828 463.835
2 56 0.571 0.000 0.800 464.209
2 57 0.363 0.000 0.859 464.677
2 58 0.323 0.000 0.883 465.116
2 59 0.322 0.000 0.869 465.561
2 60 0.525 0.000 0.786 465.989
2 61 0.471 0.000 0.828 466.365
2 62 0.396 0.000 0.851 466.765
2 63 0.291 0.000 0.904 467.175
2 64 0.275 0.000 0.913 467.585
2 65 0.422 0.000 0.849 468.047
2 66 0.304 0.000 0.899 468.487
2 67 0.325 0.000 0.891 468.905
2 68 0.517 0.000 0.802 469.306
2 69 0.403 0.000 0.846 469.757
2 70 0.403 0.000 0.861 470.197
2 71 0.409 0.000 0.856 470.630
2 72 0.440 0.000 0.846 471.039
2 73 0.247 0.000 0.924 471.424
2 74 0.376 0.000 0.853 471.841
2 75 0.276 0.000 0.903 472.221
2 76 0.510 0.000 0.809 472.624
2 77 0.353 0.000 0.867 473.059
2 78 0.270 0.000 0.905 473.454
2 79 0.289 0.000 0.899 473.861
2 80 0.402 0.000 0.846 474.296
2 81 0.425 0.000 0.825 474.735
2 82 0.417 0.000 0.845 475.259
2 83 0.468 0.000 0.832 475.731
2 84 0.419 0.000 0.842 476.153
2 85 0.412 0.000 0.841 476.577
2 86 0.344 0.000 0.885 477.036
2 87 0.442 0.000 0.838 477.445
2 88 0.391 0.000 0.848 477.915
2 89 0.333 0.000 0.895 478.334
2 90 0.274 0.000 0.902 478.695
2 91 0.339 0.000 0.877 479.120
2 92 0.378 0.000 0.869 479.561
2 93 0.250 0.000 0.908 479.921
2 94 0.335 0.000 0.870 480.318
2 95 0.386 0.000 0.867 480.733
2 96 0.521 0.000 0.797 481.147
2 97 0.396 0.000 0.855 481.538
2 98 0.289 0.000 0.900 481.944
2 99 0.353 0.000 0.878 482.320
2 100 0.375 0.000 0.880 482.677
2 101 0.316 0.000 0.896 483.096
2 102 0.392 0.000 0.865 483.531
2 103 0.523 0.000 0.800 483.911
2 104 0.315 0.000 0.899 484.447
2 105 0.398 0.000 0.860 484.867
2 106 0.375 0.000 0.856 485.238
2 107 0.323 0.000 0.889 485.592
2 108 0.248 0.000 0.914 485.997
2 109 0.332 0.000 0.878 486.420
2 110 0.341 0.000 0.871 486.828
2 111 0.404 0.000 0.839 487.245
2 112 0.332 0.000 0.869 487.705
2 113 0.448 0.000 0.839 488.082
2 114 0.456 0.000 0.837 488.496
2 115 0.297 0.000 0.894 488.978
2 116 0.431 0.000 0.858 489.400
2 117 0.367 0.000 0.865 489.896
2 118 0.340 0.000 0.884 490.302
2 119 0.396 0.000 0.870 490.718
2 120 0.348 0.000 0.868 491.131
2 121 0.395 0.000 0.859 491.500
2 122 0.279 0.000 0.896 491.954
2 123 0.300 0.000 0.885 492.365
2 124 0.462 0.000 0.845 492.772
2 125 0.435 0.000 0.844 493.189
2 126 0.465 0.000 0.834 493.639
2 127 0.331 0.000 0.886 494.038
2 128 0.344 0.000 0.884 494.435
2 129 0.413 0.000 0.830 494.874
2 130 0.361 0.000 0.871 495.309
2 131 0.316 0.000 0.890 495.698
2 132 0.370 0.000 0.880 496.074
2 133 0.332 0.000 0.889 496.498
2 134 0.299 0.000 0.890 496.929
2 135 0.657 0.000 0.730 497.325
2 136 0.401 0.000 0.859 497.759
2 137 0.591 0.000 0.811 498.107
2 138 0.438 0.000 0.834 498.538
2 139 0.266 0.000 0.903 498.956
2 140 0.343 0.000 0.887 499.347
2 141 0.301 0.000 0.895 499.770
2 142 0.530 0.000 0.779 500.146
2 143 0.400 0.000 0.845 500.579
2 144 0.377 0.000 0.852 500.968
2 145 0.377 0.000 0.865 501.358
2 146 0.391 0.000 0.859 501.744
2 147 0.380 0.000 0.875 502.125
2 148 0.314 0.000 0.879 502.546
2 149 0.314 0.000 0.893 502.997
2 150 0.439 0.000 0.839 503.402
2 151 0.331 0.000 0.888 503.821
2 152 0.326 0.000 0.890 504.240
2 153 0.263 0.000 0.901 504.627
2 154 0.392 0.000 0.859 505.039
2 155 0.365 0.000 0.873 505.451
2 156 0.327 0.000 0.890 505.894
2 157 0.509 0.000 0.813 506.324
2 158 0.514 0.000 0.805 506.682
2 159 0.226 0.000 0.919 507.092
2 160 0.391 0.000 0.861 507.523
2 161 0.393 0.000 0.860 507.931
2 162 0.386 0.000 0.864 508.319
2 163 0.381 0.000 0.856 508.695
2 164 0.284 0.000 0.893 509.132
2 165 0.300 0.000 0.892 509.653
2 166 0.416 0.000 0.844 510.101
2 167 0.350 0.000 0.879 510.506
2 168 0.269 0.000 0.909 510.946
2 169 0.397 0.000 0.845 511.385
2 170 0.477 0.000 0.809 511.770
2 171 0.279 0.000 0.897 512.154
2 172 0.352 0.000 0.879 512.536
2 173 0.277 0.000 0.906 512.952
2 174 0.358 0.000 0.876 513.331
2 175 0.348 0.000 0.868 513.757
2 176 0.336 0.000 0.891 514.185
2 177 0.367 0.000 0.876 514.636
2 178 0.351 0.000 0.876 515.029
2 179 0.529 0.000 0.806 515.420
2 180 0.284 0.000 0.906 515.851
2 181 0.300 0.000 0.902 516.230
2 182 0.482 0.000 0.822 516.632
2 183 0.215 0.000 0.933 517.109
2 184 0.557 0.000 0.819 517.468
2 185 0.319 0.000 0.886 517.889
2 186 0.461 0.000 0.843 518.313
2 187 0.330 0.000 0.873 518.744
2 188 0.318 0.000 0.881 519.184
2 189 0.386 0.000 0.865 519.620
2 190 0.270 0.000 0.910 520.012
2 191 0.328 0.000 0.881 520.400
2 192 0.378 0.000 0.852 520.839
2 193 0.435 0.000 0.840 521.236
2 194 0.375 0.000 0.868 521.655
2 195 0.357 0.000 0.881 522.092
2 196 0.362 0.000 0.848 522.472
2 197 0.504 0.000 0.778 522.920
2 198 0.387 0.000 0.874 523.303
2 199 0.330 0.000 0.884 523.710
2 200 0.358 0.000 0.871 524.090
2 201 0.436 0.000 0.834 524.503
2 202 0.328 0.000 0.894 524.942
2 203 0.349 0.000 0.876 525.370
2 204 0.299 0.000 0.880 525.744
2 205 0.339 0.000 0.886 526.112
2 206 0.410 0.000 0.857 526.506
2 207 0.473 0.000 0.823 526.929
2 208 0.372 0.000 0.865 527.321
2 209 0.326 0.000 0.878 527.720
2 210 0.362 0.000 0.867 528.184
2 211 0.364 0.000 0.865 528.537
2 212 0.343 0.000 0.869 528.938
2 213 0.243 0.000 0.914 529.329
2 214 0.306 0.000 0.884 529.782
2 215 0.362 0.000 0.875 530.175
2 216 0.371 0.000 0.863 530.575
2 217 0.328 0.000 0.879 530.963
2 218 0.393 0.000 0.853 531.346
2 219 0.341 0.000 0.883 531.735
2 220 0.472 0.000 0.815 532.129
2 221 0.339 0.000 0.882 532.574
2 222 0.385 0.000 0.870 532.996
2 223 0.324 0.000 0.883 533.434
2 224 0.359 0.000 0.867 533.850
2 225 0.291 0.000 0.903 534.217
2 226 0.336 0.000 0.882 534.667
2 227 0.313 0.000 0.887 535.073
2 228 0.247 0.000 0.918 535.478
2 229 0.367 0.000 0.859 535.851
2 230 0.239 0.000 0.914 536.246
2 231 0.390 0.000 0.852 536.649
2 232 0.341 0.000 0.864 537.091
2 233 0.643 0.000 0.741 537.517
2 234 0.354 0.000 0.877 537.907
2 235 0.382 0.000 0.862 538.340
2 236 0.334 0.000 0.880 538.758
2 237 0.315 0.000 0.880 539.151
2 238 0.324 0.000 0.882 539.621
2 239 0.263 0.000 0.918 540.050
2 240 0.334 0.000 0.884 540.454
2 241 0.254 0.000 0.921 540.810
2 242 0.369 0.000 0.854 541.271
2 243 0.348 0.000 0.868 541.697
2 244 0.332 0.000 0.874 542.125
2 245 0.328 0.000 0.883 542.574
2 246 0.366 0.000 0.869 543.017
2 247 0.356 0.000 0.878 543.429
2 248 0.388 0.000 0.865 543.847
2 249 0.307 0.000 0.893 544.262
2 250 0.298 0.000 0.896 544.691
2 251 0.239 0.000 0.918 545.081
2 252 0.467 0.000 0.804 545.511
2 253 0.297 0.000 0.895 545.887
2 254 0.359 0.000 0.885 546.242
2 255 0.384 0.000 0.869 546.652
2 256 0.340 0.000 0.867 547.055
2 257 0.413 0.000 0.852 547.426
2 258 0.388 0.000 0.864 547.841
2 259 0.267 0.000 0.908 548.302
2 260 0.362 0.000 0.868 548.664
2 261 0.383 0.000 0.859 549.101
2 262 0.352 0.000 0.873 549.526
2 263 0.245 0.000 0.907 549.965
2 264 0.339 0.000 0.887 550.411
2 265 0.334 0.000 0.877 550.792
2 266 0.339 0.000 0.874 551.262
2 267 0.388 0.000 0.857 551.677
2 268 0.344 0.000 0.884 552.126
2 269 0.440 0.000 0.858 552.538
2 270 0.361 0.000 0.876 552.984
2 271 0.326 0.000 0.886 553.379
2 272 0.358 0.000 0.874 553.732
2 273 0.354 0.000 0.874 554.156
2 274 0.329 0.000 0.878 554.525
2 275 0.393 0.000 0.855 554.986
2 276 0.364 0.000 0.864 555.396
2 277 0.343 0.000 0.880 555.783
2 278 0.322 0.000 0.888 556.216
2 279 0.468 0.000 0.800 556.628
2 280 0.328 0.000 0.892 557.033
2 281 0.372 0.000 0.873 557.415
2 282 0.288 0.000 0.901 557.808
2 283 0.252 0.000 0.910 558.217
2 284 0.398 0.000 0.865 558.616
2 285 0.546 0.000 0.808 558.990
2 286 0.404 0.000 0.867 559.411
2 287 0.349 0.000 0.872 559.818
2 288 0.364 0.000 0.860 560.186
2 289 0.361 0.000 0.876 560.560
2 290 0.317 0.000 0.881 560.954
2 291 0.356 0.000 0.864 561.388
2 292 0.363 0.000 0.864 561.813
2 293 0.387 0.000 0.868 562.193
2 294 0.519 0.000 0.797 562.590
2 295 0.312 0.000 0.888 562.981
2 296 0.269 0.000 0.904 563.375
2 297 0.372 0.000 0.869 563.774
2 298 0.318 0.000 0.880 564.165
2 299 0.295 0.000 0.898 564.586
2 300 0.368 0.000 0.867 565.011
2 301 0.301 0.000 0.880 565.397
2 302 0.366 0.000 0.857 565.841
2 303 0.321 0.000 0.891 566.195
2 304 0.279 0.000 0.898 566.578
2 305 0.306 0.000 0.892 567.010
2 306 0.328 0.000 0.877 567.467
2 307 0.325 0.000 0.887 567.867
2 308 0.357 0.000 0.878 568.301
2 309 0.344 0.000 0.877 568.762
2 310 0.343 0.000 0.882 569.133
2 311 0.460 0.000 0.831 569.539
2 312 0.377 0.000 0.863 569.933
2 313 0.335 0.000 0.878 570.310
2 314 0.350 0.000 0.877 570.725
2 315 0.343 0.000 0.871 571.174
2 316 0.264 0.000 0.902 571.624
2 317 0.292 0.000 0.889 572.044
2 318 0.293 0.000 0.894 572.483
2 319 0.383 0.000 0.854 572.846
2 320 0.308 0.000 0.890 573.210
2 321 0.294 0.000 0.900 573.618
2 322 0.247 0.000 0.916 574.003
2 323 0.410 0.000 0.835 574.438
2 324 0.352 0.000 0.867 574.829
2 325 0.453 0.000 0.839 575.292
2 326 0.328 0.000 0.887 575.700
2 327 0.370 0.000 0.869 576.145
2 328 0.343 0.000 0.879 576.595
2 329 0.442 0.000 0.825 576.958
2 330 0.351 0.000 0.873 577.355
2 331 0.287 0.000 0.897 577.736
2 332 0.389 0.000 0.862 578.196
2 333 0.464 0.000 0.834 578.614
2 334 0.561 0.000 0.764 579.028
2 335 0.318 0.000 0.898 579.414
2 336 0.330 0.000 0.880 579.863
2 337 0.413 0.000 0.872 580.256
2 338 0.344 0.000 0.872 580.647
2 339 0.286 0.000 0.895 581.085
2 340 0.537 0.000 0.785 581.475
2 341 0.279 0.000 0.907 581.911
2 342 0.323 0.000 0.884 582.298
2 343 0.316 0.000 0.877 582.739
2 344 0.368 0.000 0.875 583.165
2 345 0.263 0.000 0.907 583.584
2 346 0.415 0.000 0.851 584.038
2 347 0.353 0.000 0.882 584.415
2 348 0.351 0.000 0.870 584.806
2 349 0.277 0.000 0.898 585.170
2 350 0.314 0.000 0.890 585.583
2 351 0.282 0.000 0.904 586.019
2 352 0.316 0.000 0.893 586.472
2 353 0.318 0.000 0.892 586.861
2 354 0.280 0.000 0.895 587.251
2 355 0.356 0.000 0.862 587.637
2 356 0.369 0.000 0.861 588.025
2 357 0.453 0.000 0.825 588.402
2 358 0.383 0.000 0.871 588.761
2 359 0.328 0.000 0.873 589.162
2 360 0.212 0.000 0.923 589.592
2 361 0.288 0.000 0.902 589.994
2 362 0.361 0.000 0.870 590.457
2 363 0.358 0.000 0.878 590.879
2 364 0.531 0.000 0.781 591.280
2 365 0.324 0.000 0.885 591.765
2 366 0.369 0.000 0.860 592.136
2 367 0.359 0.000 0.866 592.530
2 368 0.296 0.000 0.894 592.980
2 369 0.366 0.000 0.866 593.373
2 370 0.405 0.000 0.853 593.783
2 371 0.382 0.000 0.866 594.157
2 372 0.340 0.000 0.885 594.603
2 373 0.349 0.000 0.877 595.039
2 374 0.352 0.000 0.869 595.428
2 375 0.406 0.000 0.840 595.835
2 376 0.326 0.000 0.883 596.222
2 377 0.327 0.000 0.871 596.683
2 378 0.385 0.000 0.858 597.051
2 379 0.262 0.000 0.906 597.455
2 380 0.260 0.000 0.914 597.900
2 381 0.273 0.000 0.907 598.303
2 382 0.336 0.000 0.881 598.710
2 383 0.361 0.000 0.874 599.098
2 384 0.272 0.000 0.904 599.531
2 385 0.411 0.000 0.830 599.981
2 386 0.360 0.000 0.866 600.365
2 387 0.298 0.000 0.899 600.778
2 388 0.403 0.000 0.846 601.205
2 389 0.337 0.000 0.881 601.662
2 390 0.343 0.000 0.882 602.071
2 391 0.331 0.000 0.871 602.519
2 392 0.301 0.000 0.911 602.954
2 393 0.379 0.000 0.840 603.366
2 394 0.386 0.000 0.860 603.777
2 395 0.340 0.000 0.870 604.194
2 396 0.314 0.000 0.892 604.576
2 397 0.331 0.000 0.882 604.931
2 398 0.370 0.000 0.869 605.345
2 399 0.314 0.000 0.888 605.795
2 400 0.324 0.000 0.884 606.174
2 401 0.318 0.000 0.878 606.600
2 402 0.356 0.000 0.884 606.955
2 403 0.371 0.000 0.863 607.386
2 404 0.308 0.000 0.889 607.758
2 405 0.417 0.000 0.856 608.158
2 406 0.350 0.000 0.879 608.559
2 407 0.364 0.000 0.854 608.928
2 408 0.339 0.000 0.883 609.271
2 409 0.336 0.000 0.886 609.699
2 410 0.347 0.000 0.870 610.145
2 411 0.248 0.000 0.912 610.588
2 412 0.237 0.000 0.915 610.979
2 413 0.360 0.000 0.884 611.369
2 414 0.285 0.000 0.894 611.753
2 415 0.289 0.000 0.892 612.144
2 416 0.348 0.000 0.880 612.576
2 417 0.329 0.000 0.888 612.985
2 418 0.327 0.000 0.873 613.349
2 419 0.387 0.000 0.850 613.723
2 420 0.295 0.000 0.887 614.162
2 421 0.412 0.000 0.855 614.513
2 422 0.216 0.000 0.932 614.866
2 423 0.315 0.000 0.900 615.285
2 424 0.362 0.000 0.868 615.693
2 425 0.300 0.000 0.896 616.088
2 426 0.322 0.000 0.890 616.504
2 427 0.286 0.000 0.897 616.953
2 428 0.377 0.000 0.862 617.405
2 429 0.424 0.000 0.852 617.777
2 430 0.313 0.000 0.884 618.210
2 431 0.344 0.000 0.880 618.592
2 432 0.316 0.000 0.890 618.962
2 433 0.285 0.000 0.888 619.349
2 434 0.305 0.000 0.893 619.748
2 435 0.267 0.000 0.908 620.114
2 436 0.324 0.000 0.888 620.496
2 437 0.457 0.000 0.816 620.889
2 438 0.245 0.000 0.923 621.292
2 439 0.299 0.000 0.901 621.678
2 440 0.298 0.000 0.896 622.097
2 441 0.362 0.000 0.868 622.543
2 442 0.330 0.000 0.892 622.959
2 443 0.273 0.000 0.911 623.323
2 444 0.313 0.000 0.895 623.745
2 445 0.336 0.000 0.890 624.149
2 446 0.316 0.000 0.886 624.515
2 447 0.376 0.000 0.873 624.878
2 448 0.435 0.000 0.837 625.230
2 449 0.503 0.000 0.825 625.596
2 450 0.403 0.000 0.849 625.974
2 451 0.310 0.000 0.889 626.356
2 452 0.268 0.000 0.914 626.781
2 453 0.284 0.000 0.902 627.196
2 454 0.333 0.000 0.889 627.570
2 455 0.443 0.000 0.845 628.002
2 456 0.317 0.000 0.882 628.390
2 457 0.289 0.000 0.889 628.850
2 458 0.445 0.000 0.829 629.237
2 459 0.303 0.000 0.894 629.681
2 460 0.305 0.000 0.904 630.093
2 461 0.342 0.000 0.875 630.481
2 462 0.371 0.000 0.866 630.919
2 463 0.306 0.000 0.892 631.339
2 464 0.316 0.000 0.890 631.770
2 465 0.394 0.000 0.858 632.200
2 466 0.263 0.000 0.909 632.609
2 467 0.238 0.000 0.923 633.013
2 468 0.347 0.000 0.857 633.435
2 469 0.342 0.000 0.891 633.856
2 470 0.323 0.000 0.892 634.266
2 471 0.390 0.000 0.853 634.659
2 472 0.425 0.000 0.840 635.024
2 473 0.296 0.000 0.901 635.432
2 474 0.381 0.000 0.849 635.837
2 475 0.308 0.000 0.885 636.296
2 476 0.388 0.000 0.850 636.715
2 477 0.251 0.000 0.907 637.163
2 478 0.335 0.000 0.875 637.575
2 479 0.247 0.000 0.916 638.018
2 480 0.378 0.000 0.850 638.428
2 481 0.252 0.000 0.923 638.780
2 482 0.293 0.000 0.891 639.227
2 483 0.383 0.000 0.882 639.707
2 484 0.317 0.000 0.893 640.140
2 485 0.268 0.000 0.895 640.516
2 486 0.330 0.000 0.880 640.918
2 487 0.270 0.000 0.907 641.367
2 488 0.216 0.000 0.931 641.788
2 489 0.314 0.000 0.888 642.206
2 490 0.315 0.000 0.886 642.645
2 491 0.282 0.000 0.908 643.031
2 492 0.341 0.000 0.881 643.427
2 493 0.411 0.000 0.861 643.813
2 494 0.377 0.000 0.867 644.171
2 495 0.342 0.000 0.876 644.602
2 496 0.309 0.000 0.885 645.007
2 497 0.312 0.000 0.886 645.430
2 498 0.478 0.000 0.834 645.866
2 499 0.274 0.000 0.903 646.294
3 0 0.306 0.000 0.895 659.710
3 1 0.333 0.000 0.895 660.097
3 2 0.297 0.000 0.888 660.474
3 3 0.290 0.000 0.905 660.899
3 4 0.394 0.000 0.843 661.294
3 5 0.331 0.000 0.883 661.655
3 6 0.239 0.000 0.916 662.034
3 7 0.333 0.000 0.875 662.434
3 8 0.425 0.000 0.847 662.783
3 9 0.332 0.000 0.871 663.211
3 10 0.295 0.000 0.898 663.607
3 11 0.445 0.000 0.831 664.001
3 12 0.388 0.000 0.854 664.459
3 13 0.314 0.000 0.884 664.900
3 14 0.369 0.000 0.860 665.295
3 15 0.356 0.000 0.871 665.689
3 16 0.381 0.000 0.859 666.046
3 17 0.299 0.000 0.897 666.453
3 18 0.260 0.000 0.908 666.886
3 19 0.319 0.000 0.886 667.273
3 20 0.323 0.000 0.882 667.721
3 21 0.316 0.000 0.885 668.124
3 22 0.389 0.000 0.860 668.496
3 23 0.366 0.000 0.873 668.965
3 24 0.322 0.000 0.892 669.351
3 25 0.516 0.000 0.790 669.741
3 26 0.307 0.000 0.887 670.097
3 27 0.513 0.000 0.798 670.509
3 28 0.389 0.000 0.843 670.958
3 29 0.345 0.000 0.872 671.392
3 30 0.354 0.000 0.867 671.806
3 31 0.346 0.000 0.878 672.199
3 32 0.332 0.000 0.875 672.612
3 33 0.323 0.000 0.900 673.005
3 34 0.351 0.000 0.871 673.394
3 35 0.301 0.000 0.894 673.796
3 36 0.381 0.000 0.849 674.145
3 37 0.358 0.000 0.873 674.519
3 38 0.336 0.000 0.878 674.943
3 39 0.347 0.000 0.874 675.314
3 40 0.471 0.000 0.842 675.716
3 41 0.417 0.000 0.859 676.097
3 42 0.283 0.000 0.897 676.544
3 43 0.272 0.000 0.908 676.980
3 44 0.349 0.000 0.878 677.365
3 45 0.314 0.000 0.893 677.807
3 46 0.436 0.000 0.825 678.184
3 47 0.315 0.000 0.884 678.545
3 48 0.246 0.000 0.915 678.993
3 49 0.417 0.000 0.839 679.406
3 50 0.295 0.000 0.896 679.760
3 51 0.317 0.000 0.892 680.132
3 52 0.294 0.000 0.901 680.509
3 53 0.316 0.000 0.886 680.868
3 54 0.318 0.000 0.873 681.306
3 55 0.339 0.000 0.884 681.721
3 56 0.364 0.000 0.869 682.122
3 57 0.340 0.000 0.880 682.481
3 58 0.348 0.000 0.887 682.918
3 59 0.403 0.000 0.855 683.305
3 60 0.409 0.000 0.853 683.718
3 61 0.375 0.000 0.854 684.127
3 62 0.243 0.000 0.918 684.505
3 63 0.450 0.000 0.818 684.869
3 64 0.336 0.000 0.877 685.280
3 65 0.358 0.000 0.864 685.713
3 66 0.257 0.000 0.909 686.088
3 67 0.368 0.000 0.858 686.490
3 68 0.296 0.000 0.896 686.852
3 69 0.362 0.000 0.872 687.211
3 70 0.266 0.000 0.905 687.633
3 71 0.226 0.000 0.930 688.103
3 72 0.362 0.000 0.872 688.498
3 73 0.286 0.000 0.905 688.874
3 74 0.381 0.000 0.857 689.312
3 75 0.345 0.000 0.879 689.710
3 76 0.360 0.000 0.870 690.116
3 77 0.372 0.000 0.875 690.518
3 78 0.308 0.000 0.878 690.943
3 79 0.358 0.000 0.869 691.329
3 80 0.292 0.000 0.892 691.772
3 81 0.277 0.000 0.912 692.159
3 82 0.398 0.000 0.862 692.547
3 83 0.301 0.000 0.899 692.919
3 84 0.180 0.000 0.948 693.274
3 85 0.289 0.000 0.893 693.671
3 86 0.335 0.000 0.891 694.040
3 87 0.326 0.000 0.895 694.415
3 88 0.342 0.000 0.868 694.782
3 89 0.241 0.000 0.910 695.215
3 90 0.358 0.000 0.868 695.670
3 91 0.296 0.000 0.892 696.091
3 92 0.377 0.000 0.833 696.469
3 93 0.376 0.000 0.859 696.880
3 94 0.336 0.000 0.879 697.278
3 95 0.291 0.000 0.895 697.651
3 96 0.269 0.000 0.904 698.041
3 97 0.326 0.000 0.886 698.465
3 98 0.282 0.000 0.893 698.861
3 99 0.294 0.000 0.897 699.301
3 100 0.265 0.000 0.901 699.751
3 101 0.276 0.000 0.901 700.171
3 102 0.319 0.000 0.888 700.653
3 103 0.361 0.000 0.862 701.038
3 104 0.221 0.000 0.923 701.460
3 105 0.366 0.000 0.880 701.882
3 106 0.268 0.000 0.911 702.311
3 107 0.266 0.000 0.907 702.760
3 108 0.365 0.000 0.871 703.126
3 109 0.381 0.000 0.858 703.495
3 110 0.506 0.000 0.811 703.878
3 111 0.363 0.000 0.867 704.304
3 112 0.341 0.000 0.883 704.709
3 113 0.272 0.000 0.910 705.079
3 114 0.341 0.000 0.882 705.501
3 115 0.347 0.000 0.884 705.888
3 116 0.276 0.000 0.907 706.247
3 117 0.341 0.000 0.869 706.626
3 118 0.331 0.000 0.880 706.999
3 119 0.380 0.000 0.859 707.420
3 120 0.245 0.000 0.919 707.794
3 121 0.284 0.000 0.901 708.228
3 122 0.227 0.000 0.922 708.644
3 123 0.425 0.000 0.851 709.007
3 124 0.249 0.000 0.907 709.380
3 125 0.326 0.000 0.886 709.773
3 126 0.290 0.000 0.901 710.213
3 127 0.436 0.000 0.844 710.588
3 128 0.411 0.000 0.858 710.954
3 129 0.271 0.000 0.901 711.336
3 130 0.278 0.000 0.910 711.739
3 131 0.354 0.000 0.874 712.086
3 132 0.311 0.000 0.885 712.506
3 133 0.347 0.000 0.877 712.901
3 134 0.343 0.000 0.876 713.355
3 135 0.311 0.000 0.893 713.782
3 136 0.334 0.000 0.886 714.158
3 137 0.337 0.000 0.876 714.599
3 138 0.340 0.000 0.877 714.944
3 139 0.213 0.000 0.928 715.345
3 140 0.266 0.000 0.907 715.755
3 141 0.269 0.000 0.916 716.192
3 142 0.352 0.000 0.872 716.581
3 143 0.407 0.000 0.842 716.976
3 144 0.239 0.000 0.917 717.397
3 145 0.344 0.000 0.860 717.782
3 146 0.330 0.000 0.882 718.134
3 147 0.340 0.000 0.885 718.545
3 148 0.358 0.000 0.883 718.963
3 149 0.325 0.000 0.885 719.340
3 150 0.260 0.000 0.909 719.737
3 151 0.404 0.000 0.857 720.158
3 152 0.370 0.000 0.862 720.554
3 153 0.266 0.000 0.908 720.985
3 154 0.477 0.000 0.838 721.399
3 155 0.323 0.000 0.875 721.806
3 156 0.295 0.000 0.892 722.211
3 157 0.282 0.000 0.904 722.637
3 158 0.313 0.000 0.883 723.069
3 159 0.261 0.000 0.905 723.442
3 160 0.271 0.000 0.909 723.840
3 161 0.363 0.000 0.868 724.207
3 162 0.340 0.000 0.865 724.599
3 163 0.248 0.000 0.909 725.017
3 164 0.255 0.000 0.908 725.430
3 165 0.304 0.000 0.890 725.807
3 166 0.353 0.000 0.876 726.230
3 167 0.412 0.000 0.839 726.644
3 168 0.348 0.000 0.875 727.115
3 169 0.326 0.000 0.888 727.541
3 170 0.390 0.000 0.854 727.956
3 171 0.326 0.000 0.883 728.391
3 172 0.402 0.000 0.849 728.766
3 173 0.296 0.000 0.900 729.166
3 174 0.356 0.000 0.873 729.535
3 175 0.332 0.000 0.870 729.949
3 176 0.285 0.000 0.899 730.320
3 177 0.384 0.000 0.872 730.697
3 178 0.238 0.000 0.908 731.112
3 179 0.402 0.000 0.859 731.483
3 180 0.364 0.000 0.875 731.829
3 181 0.237 0.000 0.919 732.213
3 182 0.339 0.000 0.872 732.647
3 183 0.339 0.000 0.877 733.044
3 184 0.318 0.000 0.891 733.421
3 185 0.327 0.000 0.887 733.841
3 186 0.285 0.000 0.901 734.222
3 187 0.214 0.000 0.920 734.650
3 188 0.328 0.000 0.875 735.076
3 189 0.356 0.000 0.858 735.482
3 190 0.384 0.000 0.866 735.915
3 191 0.337 0.000 0.885 736.315
3 192 0.365 0.000 0.866 736.781
3 193 0.319 0.000 0.883 737.146
3 194 0.241 0.000 0.912 737.552
3 195 0.526 0.000 0.793 737.947
3 196 0.265 0.000 0.910 738.358
3 197 0.210 0.000 0.925 738.743
3 198 0.344 0.000 0.876 739.138
3 199 0.348 0.000 0.874 739.543
3 200 0.365 0.000 0.872 739.974
3 201 0.226 0.000 0.923 740.353
3 202 0.311 0.000 0.881 740.712
3 203 0.257 0.000 0.912 741.095
3 204 0.311 0.000 0.890 741.438
3 205 0.306 0.000 0.890 741.857
3 206 0.348 0.000 0.890 742.225
3 207 0.338 0.000 0.881 742.626
3 208 0.316 0.000 0.874 743.042
3 209 0.311 0.000 0.881 743.454
3 210 0.345 0.000 0.880 743.871
3 211 0.240 0.000 0.919 744.296
3 212 0.393 0.000 0.855 744.650
3 213 0.434 0.000 0.832 745.087
3 214 0.273 0.000 0.907 745.456
3 215 0.285 0.000 0.896 745.829
3 216 0.318 0.000 0.882 746.230
3 217 0.357 0.000 0.872 746.670
3 218 0.298 0.000 0.888 747.081
3 219 0.406 0.000 0.848 747.462
3 220 0.327 0.000 0.887 747.892
3 221 0.222 0.000 0.916 748.284
3 222 0.412 0.000 0.825 748.667
3 223 0.346 0.000 0.876 749.067
3 224 0.389 0.000 0.863 749.444
3 225 0.290 0.000 0.900 749.866
3 226 0.266 0.000 0.901 750.303
3 227 0.212 0.000 0.935 750.732
3 228 0.329 0.000 0.885 751.145
3 229 0.261 0.000 0.910 751.550
3 230 0.264 0.000 0.899 752.003
3 231 0.290 0.000 0.897 752.415
3 232 0.345 0.000 0.888 752.797
3 233 0.370 0.000 0.867 753.195
3 234 0.378 0.000 0.853 753.556
3 235 0.368 0.000 0.859 753.981
3 236 0.148 0.000 0.951 754.433
3 237 0.318 0.000 0.883 754.857
3 238 0.310 0.000 0.883 755.303
3 239 0.305 0.000 0.893 755.680
3 240 0.436 0.000 0.837 756.105
3 241 0.321 0.000 0.890 756.494
3 242 0.250 0.000 0.910 756.913
3 243 0.308 0.000 0.885 757.290
3 244 0.378 0.000 0.842 757.692
3 245 0.374 0.000 0.871 758.068
3 246 0.300 0.000 0.890 758.426
3 247 0.323 0.000 0.902 758.820
3 248 0.338 0.000 0.871 759.201
3 249 0.251 0.000 0.915 759.590
3 250 0.288 0.000 0.895 759.963
3 251 0.292 0.000 0.904 760.369
3 252 0.275 0.000 0.906 760.809
3 253 0.244 0.000 0.919 761.212
3 254 0.349 0.000 0.864 761.626
3 255 0.198 0.000 0.929 762.002
3 256 0.345 0.000 0.879 762.378
3 257 0.317 0.000 0.890 762.837
3 258 0.357 0.000 0.865 763.218
3 259 0.335 0.000 0.873 763.636
3 260 0.362 0.000 0.871 764.017
3 261 0.467 0.000 0.833 764.425
3 262 0.373 0.000 0.864 764.813
3 263 0.398 0.000 0.874 765.196
3 264 0.248 0.000 0.914 765.605
3 265 0.303 0.000 0.897 766.027
3 266 0.249 0.000 0.916 766.446
3 267 0.331 0.000 0.888 766.872
3 268 0.250 0.000 0.907 767.306
3 269 0.281 0.000 0.901 767.687
3 270 0.326 0.000 0.888 768.118
3 271 0.260 0.000 0.902 768.540
3 272 0.333 0.000 0.882 768.984
3 273 0.469 0.000 0.823 769.417
3 274 0.382 0.000 0.855 769.809
3 275 0.323 0.000 0.877 770.217
3 276 0.364 0.000 0.865 770.596
3 277 0.305 0.000 0.894 770.974
3 278 0.237 0.000 0.924 771.405
3 279 0.301 0.000 0.898 771.833
3 280 0.252 0.000 0.910 772.259
3 281 0.401 0.000 0.840 772.616
3 282 0.312 0.000 0.885 773.038
3 283 0.338 0.000 0.866 773.427
3 284 0.220 0.000 0.923 773.811
3 285 0.250 0.000 0.909 774.258
3 286 0.367 0.000 0.858 774.610
3 287 0.333 0.000 0.878 775.033
3 288 0.347 0.000 0.884 775.432
3 289 0.445 0.000 0.850 775.840
3 290 0.421 0.000 0.832 776.248
3 291 0.277 0.000 0.897 776.662
3 292 0.302 0.000 0.897 777.118
3 293 0.226 0.000 0.920 777.510
3 294 0.308 0.000 0.887 777.932
3 295 0.440 0.000 0.849 778.309
3 296 0.240 0.000 0.916 778.719
3 297 0.316 0.000 0.884 779.121
3 298 0.282 0.000 0.903 779.499
3 299 0.316 0.000 0.889 779.894
3 300 0.303 0.000 0.892 780.312
3 301 0.303 0.000 0.896 780.699
3 302 0.269 0.000 0.904 781.143
3 303 0.300 0.000 0.895 781.563
3 304 0.272 0.000 0.904 781.969
3 305 0.271 0.000 0.910 782.389
3 306 0.314 0.000 0.881 782.792
3 307 0.364 0.000 0.860 783.183
3 308 0.271 0.000 0.908 783.583
3 309 0.334 0.000 0.874 784.032
3 310 0.337 0.000 0.878 784.468
3 311 0.241 0.000 0.923 784.858
3 312 0.288 0.000 0.901 785.220
3 313 0.334 0.000 0.890 785.616
3 314 0.357 0.000 0.870 786.005
3 315 0.326 0.000 0.885 786.414
3 316 0.262 0.000 0.918 786.847
3 317 0.346 0.000 0.877 787.289
3 318 0.348 0.000 0.878 787.692
3 319 0.241 0.000 0.916 788.098
3 320 0.325 0.000 0.881 788.572
3 321 0.210 0.000 0.927 788.992
3 322 0.328 0.000 0.886 789.447
3 323 0.296 0.000 0.890 789.885
3 324 0.242 0.000 0.918 790.316
3 325 0.225 0.000 0.927 790.719
3 326 0.506 0.000 0.782 791.103
3 327 0.297 0.000 0.885 791.532
3 328 0.368 0.000 0.865 791.958
3 329 0.353 0.000 0.880 792.383
3 330 0.271 0.000 0.904 792.760
3 331 0.406 0.000 0.841 793.106
3 332 0.403 0.000 0.844 793.503
3 333 0.314 0.000 0.886 793.868
3 334 0.344 0.000 0.874 794.256
3 335 0.354 0.000 0.877 794.673
3 336 0.339 0.000 0.875 795.068
3 337 0.270 0.000 0.902 795.492
3 338 0.298 0.000 0.896 795.955
3 339 0.265 0.000 0.897 796.341
3 340 0.211 0.000 0.926 796.742
3 341 0.280 0.000 0.905 797.156
3 342 0.315 0.000 0.896 797.582
3 343 0.262 0.000 0.911 797.987
3 344 0.234 0.000 0.912 798.410
3 345 0.268 0.000 0.894 798.851
3 346 0.285 0.000 0.905 799.269
3 347 0.310 0.000 0.894 799.632
3 348 0.329 0.000 0.885 800.044
3 349 0.398 0.000 0.862 800.431
3 350 0.238 0.000 0.921 800.866
3 351 0.347 0.000 0.875 801.211
3 352 0.263 0.000 0.909 801.625
3 353 0.322 0.000 0.887 802.055
3 354 0.332 0.000 0.882 802.449
3 355 0.251 0.000 0.914 802.859
3 356 0.309 0.000 0.878 803.243
3 357 0.254 0.000 0.911 803.647
3 358 0.306 0.000 0.888 804.033
3 359 0.302 0.000 0.891 804.418
3 360 0.305 0.000 0.896 804.786
3 361 0.364 0.000 0.875 805.171
3 362 0.285 0.000 0.885 805.551
3 363 0.242 0.000 0.921 805.969
3 364 0.340 0.000 0.885 806.328
3 365 0.352 0.000 0.874 806.753
3 366 0.378 0.000 0.859 807.165
3 367 0.319 0.000 0.892 807.552
3 368 0.314 0.000 0.883 807.964
3 369 0.338 0.000 0.887 808.376
3 370 0.344 0.000 0.880 808.843
3 371 0.299 0.000 0.895 809.238
3 372 0.270 0.000 0.909 809.637
3 373 0.273 0.000 0.904 810.007
3 374 0.245 0.000 0.915 810.426
3 375 0.328 0.000 0.878 810.803
3 376 0.278 0.000 0.900 811.219
3 377 0.317 0.000 0.886 811.609
3 378 0.391 0.000 0.871 811.984
3 379 0.263 0.000 0.891 812.407
3 380 0.259 0.000 0.908 812.811
3 381 0.305 0.000 0.889 813.247
3 382 0.290 0.000 0.898 813.639
3 383 0.291 0.000 0.901 814.031
3 384 0.322 0.000 0.887 814.445
3 385 0.246 0.000 0.923 814.843
3 386 0.343 0.000 0.875 815.265
3 387 0.324 0.000 0.891 815.671
3 388 0.325 0.000 0.886 816.111
3 389 0.295 0.000 0.895 816.483
3 390 0.340 0.000 0.885 816.863
3 391 0.236 0.000 0.918 817.267
3 392 0.246 0.000 0.917 817.657
3 393 0.348 0.000 0.878 818.079
3 394 0.275 0.000 0.899 818.472
3 395 0.237 0.000 0.916 818.856
3 396 0.248 0.000 0.917 819.302
3 397 0.357 0.000 0.860 819.707
3 398 0.354 0.000 0.868 820.089
3 399 0.236 0.000 0.915 820.495
3 400 0.305 0.000 0.897 820.875
3 401 0.338 0.000 0.882 821.263
3 402 0.218 0.000 0.922 821.649
3 403 0.260 0.000 0.912 822.074
3 404 0.284 0.000 0.901 822.527
3 405 0.191 0.000 0.938 822.962
3 406 0.309 0.000 0.891 823.367
3 407 0.253 0.000 0.915 823.704
3 408 0.334 0.000 0.886 824.187
3 409 0.205 0.000 0.934 824.576
3 410 0.254 0.000 0.918 825.004
3 411 0.399 0.000 0.858 825.400
3 412 0.339 0.000 0.874 825.823
3 413 0.402 0.000 0.831 826.219
3 414 0.275 0.000 0.909 826.620
3 415 0.257 0.000 0.911 827.026
3 416 0.283 0.000 0.896 827.426
3 417 0.285 0.000 0.904 827.847
3 418 0.279 0.000 0.906 828.298
3 419 0.386 0.000 0.850 828.731
3 420 0.242 0.000 0.918 829.126
3 421 0.239 0.000 0.917 829.492
3 422 0.330 0.000 0.879 829.902
3 423 0.299 0.000 0.895 830.323
3 424 0.287 0.000 0.895 830.746
3 425 0.514 0.000 0.811 831.137
3 426 0.381 0.000 0.867 831.513
3 427 0.291 0.000 0.894 831.925
3 428 0.258 0.000 0.910 832.331
3 429 0.301 0.000 0.901 832.724
3 430 0.421 0.000 0.842 833.099
3 431 0.274 0.000 0.895 833.531
3 432 0.289 0.000 0.900 833.939
3 433 0.315 0.000 0.890 834.313
3 434 0.296 0.000 0.889 834.707
3 435 0.321 0.000 0.879 835.104
3 436 0.276 0.000 0.906 835.472
3 437 0.238 0.000 0.921 835.889
3 438 0.423 0.000 0.838 836.331
3 439 0.294 0.000 0.899 836.729
3 440 0.276 0.000 0.905 837.174
3 441 0.233 0.000 0.927 837.554
3 442 0.257 0.000 0.909 837.979
3 443 0.362 0.000 0.883 838.385
3 444 0.315 0.000 0.891 838.828
3 445 0.331 0.000 0.886 839.229
3 446 0.310 0.000 0.886 839.652
3 447 0.331 0.000 0.873 840.032
3 448 0.395 0.000 0.852 840.411
3 449 0.376 0.000 0.865 840.827
3 450 0.299 0.000 0.896 841.229
3 451 0.355 0.000 0.879 841.629
3 452 0.370 0.000 0.853 842.007
3 453 0.319 0.000 0.875 842.408
3 454 0.303 0.000 0.883 842.833
3 455 0.303 0.000 0.884 843.234
3 456 0.384 0.000 0.868 843.658
3 457 0.247 0.000 0.912 844.051
3 458 0.278 0.000 0.901 844.462
3 459 0.286 0.000 0.902 844.877
3 460 0.282 0.000 0.908 845.222
3 461 0.290 0.000 0.894 845.626
3 462 0.325 0.000 0.884 846.015
3 463 0.290 0.000 0.903 846.424
3 464 0.226 0.000 0.922 846.803
3 465 0.301 0.000 0.900 847.226
3 466 0.252 0.000 0.915 847.610
3 467 0.358 0.000 0.854 847.980
3 468 0.424 0.000 0.839 848.358
3 469 0.295 0.000 0.901 848.776
3 470 0.339 0.000 0.882 849.191
3 471 0.330 0.000 0.888 849.549
3 472 0.393 0.000 0.849 849.968
3 473 0.310 0.000 0.894 850.377
3 474 0.318 0.000 0.877 850.822
3 475 0.298 0.000 0.888 851.219
3 476 0.290 0.000 0.898 851.575
3 477 0.317 0.000 0.889 851.936
3 478 0.303 0.000 0.889 852.314
3 479 0.261 0.000 0.903 852.742
3 480 0.310 0.000 0.888 853.146
3 481 0.405 0.000 0.855 853.526
3 482 0.242 0.000 0.921 853.972
3 483 0.274 0.000 0.897 854.374
3 484 0.299 0.000 0.893 854.802
3 485 0.352 0.000 0.866 855.187
3 486 0.273 0.000 0.907 855.568
3 487 0.295 0.000 0.905 855.898
3 488 0.368 0.000 0.865 856.326
3 489 0.332 0.000 0.887 856.752
3 490 0.347 0.000 0.871 857.148
3 491 0.198 0.000 0.934 857.540
3 492 0.335 0.000 0.883 857.949
3 493 0.230 0.000 0.925 858.374
3 494 0.385 0.000 0.857 858.738
3 495 0.311 0.000 0.883 859.080
3 496 0.270 0.000 0.904 859.449
3 497 0.336 0.000 0.873 859.856
3 498 0.272 0.000 0.898 860.267
3 499 0.323 0.000 0.897 860.624
4 0 0.314 0.000 0.875 874.318
4 1 0.254 0.000 0.919 874.747
4 2 0.294 0.000 0.900 875.161
4 3 0.222 0.000 0.919 875.538
4 4 0.267 0.000 0.914 875.966
4 5 0.306 0.000 0.894 876.341
4 6 0.231 0.000 0.923 876.760
4 7 0.394 0.000 0.857 877.190
4 8 0.198 0.000 0.938 877.589
4 9 0.350 0.000 0.873 877.937
4 10 0.334 0.000 0.876 878.315
4 11 0.412 0.000 0.858 878.681
4 12 0.334 0.000 0.887 879.067
4 13 0.240 0.000 0.913 879.504
4 14 0.287 0.000 0.904 879.901
4 15 0.319 0.000 0.884 880.318
4 16 0.292 0.000 0.896 880.782
4 17 0.250 0.000 0.914 881.254
4 18 0.354 0.000 0.858 881.661
4 19 0.310 0.000 0.889 882.055
4 20 0.350 0.000 0.867 882.502
4 21 0.382 0.000 0.868 882.933
4 22 0.267 0.000 0.910 883.393
4 23 0.237 0.000 0.914 883.809
4 24 0.231 0.000 0.912 884.357
4 25 0.380 0.000 0.863 884.911
4 26 0.337 0.000 0.865 885.361
4 27 0.353 0.000 0.871 885.829
4 28 0.284 0.000 0.903 886.295
4 29 0.308 0.000 0.892 886.808
4 30 0.270 0.000 0.900 887.251
4 31 0.405 0.000 0.846 887.667
4 32 0.226 0.000 0.919 888.089
4 33 0.338 0.000 0.881 888.576
4 34 0.400 0.000 0.841 889.051
4 35 0.498 0.000 0.796 889.447
4 36 0.371 0.000 0.865 889.825
4 37 0.291 0.000 0.890 890.256
4 38 0.336 0.000 0.875 890.655
4 39 0.246 0.000 0.912 891.127
4 40 0.242 0.000 0.914 891.558
4 41 0.279 0.000 0.893 892.028
4 42 0.292 0.000 0.894 892.437
4 43 0.280 0.000 0.894 892.839
4 44 0.324 0.000 0.878 893.279
4 45 0.331 0.000 0.887 893.662
4 46 0.270 0.000 0.908 894.136
4 47 0.253 0.000 0.908 894.587
4 48 0.215 0.000 0.925 895.034
4 49 0.350 0.000 0.870 895.483
4 50 0.262 0.000 0.901 895.894
4 51 0.373 0.000 0.879 896.301
4 52 0.290 0.000 0.902 896.683
4 53 0.269 0.000 0.905 897.148
4 54 0.300 0.000 0.894 897.556
4 55 0.423 0.000 0.843 897.972
